Time,TR,RM
0,1,0.282723
1,0.979145,0.296011
2,0.960563,0.316315
3,0.943863,0.339665
4,0.928746,0.365157
5,0.914984,0.392518
6,0.902396,0.42166
7,0.890834,0.452572
8,0.880176,0.485283
9,0.870322,0.519838
10,0.861182,0.556299
11,0.852682,0.59473
12,0.844757,0.635203
13,0.837349,0.67779
14,0.830407,0.722566
15,0.823886,0.769603
16,0.817745,0.818976
17,0.811948,0.870757
18,0.806462,0.925016
19,0.801257,0.98182
20,0.796307,1.04124
21,0.791586,1.10332
22,0.787072,1.16814
23,0.782745,1.23573
24,0.778587,1.30616
25,0.774579,1.37945
26,0.770706,1.45565
27,0.766955,1.53478
28,0.763311,1.61686
29,0.759763,1.70191
30,0.756299,1.78994
31,0.75291,1.88093
32,0.749585,1.97489
33,0.746318,2.07178
34,0.743099,2.17158
35,0.739923,2.27426
36,0.736782,2.37977
37,0.733671,2.48804
38,0.730584,2.59903
39,0.727518,2.71265
40,0.724467,2.82882
41,0.721429,2.94747
42,0.7184,3.06848
43,0.715377,3.19177
44,0.712359,3.31722
45,0.709342,3.44472
46,0.706325,3.57415
47,0.703307,3.70538
48,0.700287,3.8383
49,0.697264,3.97276
50,0.694237,4.10864
51,0.691206,4.24581
52,0.688172,4.38412
53,0.685133,4.52344
54,0.68209,4.66364
55,0.679044,4.80458
56,0.675994,4.94612
57,0.672943,5.08814
58,0.669889,5.2305
59,0.666835,5.37308
60,0.663781,5.51574
61,0.660727,5.65838
62,0.657675,5.80088
63,0.654627,5.94311
64,0.651582,6.08497
65,0.648542,6.22636
66,0.645507,6.36718
67,0.64248,6.50732
68,0.639461,6.6467
69,0.636451,6.78523
70,0.633451,6.92284
71,0.630461,7.05943
72,0.627484,7.19495
73,0.62452,7.32932
74,0.621569,7.46249
75,0.618633,7.59438
76,0.615713,7.72495
77,0.612809,7.85416
78,0.609921,7.98194
79,0.607051,8.10827
80,0.6042,8.23311
81,0.601367,8.35641
82,0.598554,8.47816
83,0.59576,8.59832
84,0.592987,8.71688
85,0.590234,8.8338
86,0.587503,8.94908
87,0.584793,9.0627
88,0.582105,9.17465
89,0.579439,9.28493
90,0.576795,9.39351
91,0.574174,9.50041
92,0.571575,9.60561
93,0.568999,9.70912
94,0.566446,9.81094
95,0.563915,9.91107
96,0.561407,10.0095
97,0.558923,10.1063
98,0.556461,10.2014
99,0.554021,10.2949
100,0.551605,10.3867
101,0.549211,10.4768
102,0.54684,10.5654
103,0.544491,10.6523
104,0.542164,10.7377
105,0.539859,10.8215
106,0.537576,10.9037
107,0.535315,10.9843
108,0.533076,11.0635
109,0.530857,11.1411
110,0.52866,11.2172
111,0.526483,11.2919
112,0.524327,11.3651
113,0.522191,11.4369
114,0.520076,11.5072
115,0.517979,11.5762
116,0.515903,11.6438
117,0.513846,11.71
118,0.511807,11.7749
119,0.509787,11.8385
120,0.507786,11.9008
121,0.505802,11.9618
122,0.503837,12.0216
123,0.501889,12.0801
124,0.499958,12.1375
125,0.498043,12.1936
126,0.496146,12.2485
127,0.494265,12.3023
128,0.492399,12.355
129,0.49055,12.4065
130,0.488716,12.457
131,0.486897,12.5064
132,0.485093,12.5547
133,0.483303,12.602
134,0.481528,12.6483
135,0.479767,12.6935
136,0.478019,12.7378
137,0.476285,12.7812
138,0.474565,12.8235
139,0.472857,12.865
140,0.471162,12.9055
141,0.469479,12.9452
142,0.467809,12.984
143,0.46615,13.0219
144,0.464503,13.059
145,0.462868,13.0952
146,0.461244,13.1306
147,0.45963,13.1653
148,0.458028,13.1991
149,0.456436,13.2322
150,0.454854,13.2646
151,0.453283,13.2962
152,0.451721,13.3271
153,0.450169,13.3573
154,0.448627,13.3868
155,0.447093,13.4156
156,0.445569,13.4437
157,0.444054,13.4712
158,0.442548,13.4981
159,0.441049,13.5243
160,0.43956,13.5499
161,0.438078,13.5749
162,0.436605,13.5994
163,0.435139,13.6232
164,0.433681,13.6465
165,0.43223,13.6693
166,0.430787,13.6915
167,0.429351,13.7131
168,0.427922,13.7343
169,0.4265,13.7549
170,0.425085,13.775
171,0.423676,13.7947
172,0.422274,13.8138
173,0.420878,13.8325
174,0.419489,13.8508
175,0.418105,13.8686
176,0.416727,13.8859
177,0.415356,13.9028
178,0.41399,13.9193
179,0.41263,13.9354
180,0.411275,13.9511
181,0.409925,13.9663
182,0.408581,13.9812
183,0.407243,13.9957
184,0.405909,14.0099
185,0.40458,14.0236
186,0.403256,14.037
187,0.401937,14.0501
188,0.400623,14.0628
189,0.399314,14.0752
190,0.398009,14.0873
191,0.396708,14.099
192,0.395412,14.1104
193,0.394121,14.1215
194,0.392833,14.1323
195,0.39155,14.1428
196,0.390271,14.153
197,0.388996,14.163
198,0.387725,14.1726
199,0.386458,14.182
200,0.385194,14.1911
201,0.383935,14.2
202,0.382679,14.2086
203,0.381427,14.217
204,0.380179,14.2251
205,0.378934,14.233
206,0.377693,14.2406
207,0.376455,14.248
208,0.375221,14.2552
209,0.37399,14.2621
210,0.372763,14.2689
211,0.371538,14.2754
212,0.370317,14.2818
213,0.3691,14.2879
214,0.367885,14.2938
215,0.366674,14.2996
216,0.365466,14.3051
217,0.36426,14.3105
218,0.363058,14.3156
219,0.361859,14.3207
220,0.360663,14.3255
221,0.35947,14.3301
222,0.358279,14.3346
223,0.357092,14.339
224,0.355907,14.3431
225,0.354725,14.3471
226,0.353547,14.351
227,0.35237,14.3547
228,0.351197,14.3583
229,0.350026,14.3617
230,0.348858,14.365
231,0.347693,14.3681
232,0.346531,14.3711
233,0.345371,14.374
234,0.344214,14.3768
235,0.343059,14.3794
236,0.341907,14.3819
237,0.340757,14.3843
238,0.33961,14.3865
239,0.338466,14.3887
240,0.337324,14.3907
241,0.336185,14.3926
242,0.335048,14.3944
243,0.333914,14.3961
244,0.332782,14.3977
245,0.331653,14.3992
246,0.330526,14.4007
247,0.329402,14.402
248,0.32828,14.4032
249,0.327161,14.4043
250,0.326044,14.4053
251,0.324929,14.4063
252,0.323817,14.4071
253,0.322707,14.4079
254,0.3216,14.4086
255,0.320495,14.4092
256,0.319392,14.4097
257,0.318292,14.4101
258,0.317194,14.4105
259,0.316099,14.4108
260,0.315006,14.411
261,0.313915,14.4112
262,0.312827,14.4113
263,0.311741,14.4113
264,0.310657,14.4112
265,0.309576,14.4111
266,0.308497,14.4109
267,0.30742,14.4107
268,0.306346,14.4104
269,0.305274,14.41
270,0.304204,14.4096
271,0.303137,14.4091
272,0.302072,14.4086
273,0.301009,14.408
274,0.299949,14.4073
275,0.298891,14.4067
276,0.297835,14.4059
277,0.296782,14.4051
278,0.295731,14.4043
279,0.294682,14.4034
280,0.293636,14.4025
281,0.292592,14.4015
282,0.29155,14.4005
283,0.290511,14.3994
284,0.289474,14.3983
285,0.288439,14.3972
286,0.287407,14.396
287,0.286377,14.3947
288,0.285349,14.3935
289,0.284324,14.3922
290,0.283301,14.3908
291,0.28228,14.3895
292,0.281262,14.3881
293,0.280246,14.3866
294,0.279232,14.3852
295,0.278221,14.3837
296,0.277212,14.3821
297,0.276205,14.3806
298,0.275201,14.379
299,0.274199,14.3774
300,0.273199,14.3757
301,0.272202,14.374
302,0.271207,14.3723
303,0.270214,14.3706
304,0.269224,14.3688
305,0.268236,14.3671
306,0.267251,14.3653
307,0.266267,14.3634
308,0.265287,14.3616
309,0.264308,14.3597
310,0.263332,14.3578
311,0.262358,14.3559
312,0.261387,14.354
313,0.260418,14.352
314,0.259452,14.3501
315,0.258487,14.3481
316,0.257526,14.3461
317,0.256566,14.344
318,0.255609,14.342
319,0.254654,14.3399
320,0.253702,14.3379
321,0.252752,14.3358
322,0.251805,14.3337
323,0.25086,14.3316
324,0.249917,14.3294
325,0.248977,14.3273
326,0.248039,14.3251
327,0.247103,14.3229
328,0.24617,14.3208
329,0.245239,14.3186
330,0.244311,14.3164
331,0.243385,14.3141
332,0.242462,14.3119
333,0.241541,14.3097
334,0.240622,14.3074
335,0.239706,14.3052
336,0.238792,14.3029
337,0.237881,14.3006
338,0.236972,14.2983
339,0.236065,14.296
340,0.235161,14.2937
341,0.234259,14.2914
342,0.23336,14.2891
343,0.232463,14.2868
344,0.231568,14.2845
345,0.230676,14.2821
346,0.229787,14.2798
347,0.2289,14.2774
348,0.228015,14.2751
349,0.227133,14.2727
350,0.226253,14.2704
351,0.225375,14.268
352,0.2245,14.2656
353,0.223628,14.2633
354,0.222758,14.2609
355,0.22189,14.2585
356,0.221025,14.2561
357,0.220162,14.2537
358,0.219302,14.2513
359,0.218444,14.2489
360,0.217588,14.2465
361,0.216735,14.2441
362,0.215885,14.2417
363,0.215036,14.2393
364,0.214191,14.2369
365,0.213347,14.2345
366,0.212506,14.2321
367,0.211668,14.2297
368,0.210832,14.2273
369,0.209999,14.2249
370,0.209168,14.2225
371,0.208339,14.2201
372,0.207513,14.2177
373,0.206689,14.2153
374,0.205868,14.2129
375,0.205049,14.2105
376,0.204232,14.208
377,0.203418,14.2056
378,0.202607,14.2032
379,0.201798,14.2008
380,0.200991,14.1984
381,0.200187,14.196
382,0.199385,14.1936
383,0.198585,14.1912
384,0.197789,14.1888
385,0.196994,14.1864
386,0.196202,14.184
387,0.195412,14.1816
388,0.194625,14.1793
389,0.19384,14.1769
390,0.193058,14.1745
391,0.192278,14.1721
392,0.1915,14.1697
393,0.190725,14.1673
394,0.189953,14.165
395,0.189182,14.1626
396,0.188415,14.1602
397,0.187649,14.1579
398,0.186886,14.1555
399,0.186126,14.1532
400,0.185367,14.1508
401,0.184612,14.1485
402,0.183858,14.1461
403,0.183107,14.1438
404,0.182359,14.1414
405,0.181613,14.1391
406,0.180869,14.1368
407,0.180128,14.1344
408,0.179389,14.1321
409,0.178652,14.1298
410,0.177918,14.1275
411,0.177186,14.1252
412,0.176457,14.1229
413,0.17573,14.1206
414,0.175005,14.1183
415,0.174283,14.116
416,0.173563,14.1137
417,0.172846,14.1114
418,0.172131,14.1092
419,0.171418,14.1069
420,0.170708,14.1046
421,0.17,14.1024
422,0.169294,14.1001
423,0.168591,14.0978
424,0.16789,14.0956
425,0.167191,14.0934
426,0.166495,14.0911
427,0.165801,14.0889
428,0.16511,14.0867
429,0.16442,14.0845
430,0.163734,14.0822
431,0.163049,14.08
432,0.162367,14.0778
433,0.161687,14.0756
434,0.161009,14.0735
435,0.160334,14.0713
436,0.159661,14.0691
437,0.158991,14.0669
438,0.158323,14.0648
439,0.157657,14.0626
440,0.156993,14.0604
441,0.156332,14.0583
442,0.155673,14.0561
443,0.155016,14.054
444,0.154361,14.0519
445,0.153709,14.0498
446,0.153059,14.0476
447,0.152412,14.0455
448,0.151766,14.0434
449,0.151123,14.0413
450,0.150482,14.0392
451,0.149844,14.0371
452,0.149208,14.0351
453,0.148574,14.033
454,0.147942,14.0309
455,0.147312,14.0288
456,0.146685,14.0268
457,0.14606,14.0247
458,0.145437,14.0227
459,0.144817,14.0207
460,0.144198,14.0186
461,0.143582,14.0166
462,0.142968,14.0146
463,0.142357,14.0126
464,0.141747,14.0106
465,0.14114,14.0086
466,0.140535,14.0066
467,0.139932,14.0046
468,0.139331,14.0026
469,0.138733,14.0006
470,0.138137,13.9987
471,0.137542,13.9967
472,0.13695,13.9948
473,0.136361,13.9928
474,0.135773,13.9909
475,0.135188,13.9889
476,0.134604,13.987
477,0.134023,13.9851
478,0.133444,13.9832
479,0.132867,13.9813
480,0.132293,13.9794
481,0.13172,13.9775
482,0.13115,13.9756
483,0.130581,13.9737
484,0.130015,13.9718
485,0.129451,13.97
486,0.128889,13.9681
487,0.128329,13.9662
488,0.127772,13.9644
489,0.127216,13.9625
490,0.126662,13.9607
491,0.126111,13.9589
492,0.125562,13.9571
493,0.125014,13.9552
494,0.124469,13.9534
495,0.123926,13.9516
496,0.123385,13.9498
497,0.122846,13.948
498,0.122309,13.9463
499,0.121774,13.9445
500,0.121241,13.9427
501,0.12071,13.9409
502,0.120181,13.9392
503,0.119654,13.9374
504,0.119129,13.9357
505,0.118607,13.934
506,0.118086,13.9322
507,0.117567,13.9305
508,0.11705,13.9288
509,0.116535,13.9271
510,0.116023,13.9254
511,0.115512,13.9237
512,0.115003,13.922
513,0.114496,13.9203
514,0.113991,13.9186
515,0.113488,13.9169
516,0.112987,13.9153
517,0.112488,13.9136
518,0.111991,13.912
519,0.111496,13.9103
520,0.111003,13.9087
521,0.110512,13.907
522,0.110023,13.9054
523,0.109535,13.9038
524,0.10905,13.9022
525,0.108566,13.9005
526,0.108085,13.8989
527,0.107605,13.8973
528,0.107127,13.8958
529,0.106651,13.8942
530,0.106177,13.8926
531,0.105705,13.891
532,0.105235,13.8895
533,0.104766,13.8879
534,0.1043,13.8863
535,0.103835,13.8848
536,0.103372,13.8833
537,0.102911,13.8817
538,0.102452,13.8802
539,0.101995,13.8787
540,0.101539,13.8772
541,0.101086,13.8756
542,0.100634,13.8741
543,0.100184,13.8726
544,0.0997355,13.8711
545,0.0992891,13.8697
546,0.0988445,13.8682
547,0.0984017,13.8667
548,0.0979607,13.8652
549,0.0975215,13.8638
550,0.097084,13.8623
551,0.0966484,13.8609
552,0.0962145,13.8594
553,0.0957823,13.858
554,0.0953519,13.8566
555,0.0949233,13.8551
556,0.0944964,13.8537
557,0.0940713,13.8523
558,0.0936478,13.8509
559,0.0932262,13.8495
560,0.0928062,13.8481
561,0.092388,13.8467
562,0.0919715,13.8453
563,0.0915566,13.8439
564,0.0911435,13.8426
565,0.0907321,13.8412
566,0.0903224,13.8398
567,0.0899144,13.8385
568,0.089508,13.8371
569,0.0891034,13.8358
570,0.0887004,13.8344
571,0.088299,13.8331
572,0.0878993,13.8318
573,0.0875013,13.8305
574,0.087105,13.8291
575,0.0867102,13.8278
576,0.0863172,13.8265
577,0.0859257,13.8252
578,0.0855359,13.8239
579,0.0851477,13.8226
580,0.0847611,13.8214
581,0.0843761,13.8201
582,0.0839928,13.8188
583,0.083611,13.8175
584,0.0832308,13.8163
585,0.0828523,13.815
586,0.0824753,13.8138
587,0.0820999,13.8125
588,0.081726,13.8113
589,0.0813538,13.81
590,0.0809831,13.8088
591,0.0806139,13.8076
592,0.0802463,13.8064
593,0.0798803,13.8052
594,0.0795158,13.8039
595,0.0791528,13.8027
596,0.0787914,13.8015
597,0.0784315,13.8004
598,0.0780731,13.7992
599,0.0777163,13.798
