Time,TR,RM
0,1,0.282723
1,0.908355,0.318711
2,0.836355,0.362407
3,0.778359,0.41044
4,0.730703,0.462042
5,0.69089,0.517017
6,0.657167,0.575342
7,0.628268,0.637063
8,0.603258,0.702258
9,0.58143,0.771022
10,0.562239,0.843462
11,0.545257,0.919687
12,0.530146,0.999807
13,0.516629,1.08393
14,0.504485,1.17218
15,0.493526,1.26463
16,0.483601,1.3614
17,0.47458,1.46258
18,0.466354,1.56823
19,0.45883,1.67844
20,0.451928,1.79326
21,0.445581,1.91272
22,0.439729,2.03687
23,0.434321,2.1657
24,0.42931,2.29922
25,0.424659,2.43739
26,0.420331,2.58017
27,0.416296,2.72749
28,0.412527,2.87926
29,0.408999,3.03537
30,0.405691,3.19567
31,0.402582,3.36001
32,0.399657,3.5282
33,0.396898,3.70004
34,0.394291,3.87528
35,0.391825,4.05368
36,0.389486,4.23496
37,0.387265,4.41883
38,0.385152,4.60497
39,0.383137,4.79305
40,0.381214,4.98272
41,0.379374,5.17365
42,0.377611,5.36545
43,0.375919,5.55776
44,0.374291,5.7502
45,0.372723,5.9424
46,0.371209,6.13399
47,0.369746,6.3246
48,0.368328,6.51386
49,0.366952,6.70143
50,0.365614,6.88696
51,0.36431,7.07014
52,0.363038,7.25066
53,0.361795,7.42822
54,0.360576,7.60256
55,0.359381,7.77344
56,0.358206,7.94062
57,0.357049,8.10391
58,0.355908,8.26312
59,0.354781,8.4181
60,0.353665,8.56872
61,0.35256,8.71486
62,0.351463,8.85645
63,0.350372,8.99341
64,0.349287,9.1257
65,0.348206,9.25329
66,0.347127,9.37618
67,0.34605,9.49438
68,0.344973,9.6079
69,0.343896,9.7168
70,0.342817,9.82113
71,0.341736,9.92096
72,0.340651,10.0164
73,0.339563,10.1074
74,0.33847,10.1942
75,0.337373,10.2769
76,0.336269,10.3555
77,0.33516,10.4302
78,0.334045,10.5011
79,0.332923,10.5683
80,0.331794,10.6319
81,0.330659,10.6921
82,0.329516,10.7489
83,0.328366,10.8026
84,0.327208,10.8531
85,0.326043,10.9008
86,0.32487,10.9455
87,0.32369,10.9876
88,0.322502,11.027
89,0.321307,11.064
90,0.320105,11.0985
91,0.318895,11.1308
92,0.317679,11.1609
93,0.316455,11.189
94,0.315225,11.215
95,0.313988,11.2392
96,0.312745,11.2616
97,0.311496,11.2823
98,0.31024,11.3013
99,0.308979,11.3188
100,0.307712,11.3349
101,0.30644,11.3495
102,0.305163,11.3629
103,0.303881,11.375
104,0.302594,11.3859
105,0.301303,11.3957
106,0.300008,11.4044
107,0.298709,11.4121
108,0.297406,11.4188
109,0.2961,11.4247
110,0.29479,11.4297
111,0.293478,11.4338
112,0.292163,11.4373
113,0.290845,11.4399
114,0.289526,11.4419
115,0.288204,11.4433
116,0.28688,11.444
117,0.285555,11.4442
118,0.284228,11.4438
119,0.2829,11.4429
120,0.281571,11.4415
121,0.280242,11.4397
122,0.278912,11.4374
123,0.277581,11.4348
124,0.276251,11.4317
125,0.27492,11.4283
126,0.273589,11.4245
127,0.272259,11.4205
128,0.27093,11.4161
129,0.269601,11.4114
130,0.268272,11.4065
131,0.266945,11.4013
132,0.265619,11.3959
133,0.264295,11.3903
134,0.262971,11.3844
135,0.26165,11.3784
136,0.26033,11.3722
137,0.259012,11.3658
138,0.257696,11.3593
139,0.256381,11.3526
140,0.25507,11.3458
141,0.25376,11.3389
142,0.252453,11.3318
143,0.251148,11.3247
144,0.249846,11.3174
145,0.248547,11.31
146,0.247251,11.3026
147,0.245957,11.295
148,0.244667,11.2874
149,0.24338,11.2798
150,0.242096,11.272
151,0.240815,11.2642
152,0.239537,11.2564
153,0.238263,11.2485
154,0.236992,11.2406
155,0.235725,11.2326
156,0.234462,11.2246
157,0.233202,11.2166
158,0.231946,11.2086
159,0.230694,11.2005
160,0.229445,11.1924
161,0.228201,11.1843
162,0.22696,11.1762
163,0.225724,11.1681
164,0.224492,11.16
165,0.223263,11.1518
166,0.222039,11.1437
167,0.220819,11.1356
168,0.219603,11.1275
169,0.218392,11.1194
170,0.217185,11.1112
171,0.215982,11.1031
172,0.214783,11.0951
173,0.213589,11.087
174,0.2124,11.0789
175,0.211215,11.0709
176,0.210034,11.0629
177,0.208858,11.0549
178,0.207686,11.0469
179,0.206519,11.0389
180,0.205357,11.031
181,0.204199,11.0231
182,0.203046,11.0152
183,0.201897,11.0073
184,0.200753,10.9995
185,0.199614,10.9917
186,0.198479,10.9839
187,0.197349,10.9761
188,0.196224,10.9684
189,0.195104,10.9607
190,0.193988,10.9531
191,0.192877,10.9454
192,0.191771,10.9378
193,0.19067,10.9303
194,0.189573,10.9227
195,0.188481,10.9152
196,0.187394,10.9078
197,0.186312,10.9003
198,0.185235,10.8929
199,0.184162,10.8856
200,0.183094,10.8783
201,0.182031,10.871
202,0.180973,10.8637
203,0.179919,10.8565
204,0.178871,10.8493
205,0.177827,10.8422
206,0.176788,10.8351
207,0.175754,10.828
208,0.174724,10.821
209,0.1737,10.814
210,0.17268,10.807
211,0.171665,10.8001
212,0.170655,10.7932
213,0.16965,10.7863
214,0.168649,10.7795
215,0.167653,10.7728
216,0.166663,10.766
217,0.165676,10.7593
218,0.164695,10.7527
219,0.163718,10.746
220,0.162746,10.7394
221,0.161779,10.7329
222,0.160817,10.7264
223,0.159859,10.7199
224,0.158906,10.7135
225,0.157958,10.7071
226,0.157014,10.7007
227,0.156075,10.6944
228,0.155141,10.6881
229,0.154212,10.6818
230,0.153287,10.6756
231,0.152367,10.6694
232,0.151452,10.6633
233,0.150541,10.6572
234,0.149635,10.6511
235,0.148733,10.6451
236,0.147836,10.6391
237,0.146944,10.6332
238,0.146056,10.6272
239,0.145173,10.6213
240,0.144294,10.6155
241,0.14342,10.6097
242,0.14255,10.6039
243,0.141685,10.5982
244,0.140825,10.5924
245,0.139969,10.5868
246,0.139117,10.5811
247,0.13827,10.5755
248,0.137428,10.57
249,0.13659,10.5644
250,0.135756,10.5589
251,0.134927,10.5535
252,0.134102,10.548
253,0.133281,10.5426
254,0.132465,10.5373
255,0.131653,10.5319
256,0.130846,10.5266
257,0.130043,10.5214
258,0.129244,10.5162
259,0.12845,10.511
260,0.12766,10.5058
261,0.126874,10.5007
262,0.126092,10.4956
263,0.125315,10.4905
264,0.124542,10.4855
265,0.123773,10.4805
266,0.123008,10.4755
267,0.122248,10.4706
268,0.121491,10.4656
269,0.120739,10.4608
270,0.119991,10.4559
271,0.119247,10.4511
272,0.118507,10.4463
273,0.117771,10.4416
274,0.11704,10.4369
275,0.116312,10.4322
276,0.115589,10.4275
277,0.114869,10.4229
278,0.114154,10.4183
279,0.113442,10.4137
280,0.112735,10.4092
281,0.112031,10.4047
282,0.111331,10.4002
283,0.110636,10.3957
284,0.109944,10.3913
285,0.109256,10.3869
286,0.108572,10.3826
287,0.107892,10.3782
288,0.107216,10.3739
289,0.106543,10.3696
290,0.105875,10.3654
291,0.10521,10.3611
292,0.104549,10.357
293,0.103892,10.3528
294,0.103238,10.3486
295,0.102588,10.3445
296,0.101942,10.3404
297,0.1013,10.3364
298,0.100661,10.3323
299,0.100026,10.3283
300,0.0993951,10.3243
301,0.0987674,10.3204
302,0.0981434,10.3165
303,0.097523,10.3126
304,0.0969061,10.3087
305,0.0962929,10.3048
306,0.0956831,10.301
307,0.095077,10.2972
308,0.0944743,10.2934
309,0.0938752,10.2897
310,0.0932796,10.2859
311,0.0926874,10.2822
312,0.0920987,10.2785
313,0.0915135,10.2749
314,0.0909316,10.2713
315,0.0903532,10.2677
316,0.0897782,10.2641
317,0.0892066,10.2605
318,0.0886383,10.257
319,0.0880734,10.2535
320,0.0875118,10.25
321,0.0869535,10.2465
322,0.0863985,10.2431
323,0.0858468,10.2397
324,0.0852984,10.2363
325,0.0847532,10.2329
326,0.0842113,10.2295
327,0.0836726,10.2262
328,0.0831371,10.2229
329,0.0826048,10.2196
330,0.0820756,10.2163
331,0.0815496,10.2131
332,0.0810268,10.2099
333,0.0805071,10.2067
334,0.0799904,10.2035
335,0.0794769,10.2003
336,0.0789665,10.1972
337,0.0784591,10.1941
338,0.0779548,10.191
339,0.0774535,10.1879
340,0.0769552,10.1849
341,0.0764599,10.1818
342,0.0759676,10.1788
343,0.0754783,10.1758
344,0.074992,10.1729
345,0.0745085,10.1699
346,0.074028,10.167
347,0.0735505,10.1641
348,0.0730758,10.1612
349,0.0726039,10.1583
350,0.072135,10.1555
351,0.0716689,10.1526
352,0.0712056,10.1498
353,0.0707452,10.147
354,0.0702876,10.1442
355,0.0698327,10.1415
356,0.0693807,10.1387
357,0.0689314,10.136
358,0.0684848,10.1333
359,0.068041,10.1306
360,0.0675999,10.1279
361,0.0671614,10.1253
362,0.0667257,10.1227
363,0.0662927,10.12
364,0.0658623,10.1174
365,0.0654346,10.1149
366,0.0650095,10.1123
367,0.064587,10.1097
368,0.0641671,10.1072
369,0.0637498,10.1047
370,0.0633351,10.1022
371,0.0629229,10.0997
372,0.0625133,10.0973
373,0.0621062,10.0948
374,0.0617016,10.0924
375,0.0612996,10.09
376,0.0609,10.0876
377,0.0605029,10.0852
378,0.0601083,10.0828
379,0.0597161,10.0805
380,0.0593264,10.0782
381,0.058939,10.0758
382,0.0585541,10.0735
383,0.0581716,10.0713
384,0.0577915,10.069
385,0.0574137,10.0667
386,0.0570383,10.0645
387,0.0566653,10.0623
388,0.0562946,10.0601
389,0.0559262,10.0579
390,0.05556,10.0557
391,0.0551962,10.0535
392,0.0548347,10.0514
393,0.0544754,10.0492
394,0.0541184,10.0471
395,0.0537636,10.045
396,0.0534111,10.0429
397,0.0530608,10.0408
398,0.0527126,10.0388
399,0.0523667,10.0367
400,0.0520229,10.0347
401,0.0516813,10.0326
402,0.0513419,10.0306
403,0.0510045,10.0286
404,0.0506694,10.0267
405,0.0503363,10.0247
406,0.0500053,10.0227
407,0.0496765,10.0208
408,0.0493497,10.0189
409,0.0490249,10.0169
410,0.0487023,10.015
411,0.0483816,10.0131
412,0.048063,10.0113
413,0.0477465,10.0094
414,0.0474319,10.0075
415,0.0471193,10.0057
416,0.0468087,10.0039
417,0.0465001,10.0021
418,0.0461934,10.0003
419,0.0458887,9.99846
420,0.045586,9.99668
421,0.0452851,9.99492
422,0.0449862,9.99316
423,0.0446892,9.99142
424,0.0443941,9.98969
425,0.0441008,9.98797
426,0.0438094,9.98626
427,0.0435199,9.98456
428,0.0432323,9.98288
429,0.0429464,9.9812
430,0.0426624,9.97954
431,0.0423803,9.97789
432,0.0420999,9.97625
433,0.0418213,9.97462
434,0.0415445,9.973
435,0.0412695,9.97139
436,0.0409962,9.9698
437,0.0407247,9.96821
438,0.0404549,9.96664
439,0.0401869,9.96507
440,0.0399206,9.96352
441,0.039656,9.96198
442,0.0393931,9.96044
443,0.0391319,9.95892
444,0.0388723,9.95741
445,0.0386145,9.95591
446,0.0383583,9.95442
447,0.0381037,9.95294
448,0.0378508,9.95146
449,0.0375995,9.95
450,0.0373499,9.94855
451,0.0371018,9.94711
452,0.0368554,9.94568
453,0.0366105,9.94426
454,0.0363673,9.94284
455,0.0361255,9.94144
456,0.0358854,9.94005
457,0.0356468,9.93866
458,0.0354098,9.93729
459,0.0351743,9.93593
460,0.0349403,9.93457
461,0.0347078,9.93322
462,0.0344769,9.93189
463,0.0342474,9.93056
464,0.0340194,9.92924
465,0.0337929,9.92793
466,0.0335679,9.92663
467,0.0333443,9.92533
468,0.0331222,9.92405
469,0.0329015,9.92277
470,0.0326823,9.92151
471,0.0324645,9.92025
472,0.0322481,9.919
473,0.0320331,9.91776
474,0.0318195,9.91653
475,0.0316073,9.9153
476,0.0313965,9.91409
477,0.031187,9.91288
478,0.0309789,9.91168
479,0.0307722,9.91049
480,0.0305668,9.9093
481,0.0303628,9.90813
482,0.0301601,9.90696
483,0.0299587,9.9058
484,0.0297586,9.90465
485,0.0295599,9.90351
486,0.0293624,9.90237
487,0.0291662,9.90124
488,0.0289713,9.90012
489,0.0287777,9.89901
490,0.0285854,9.89791
491,0.0283943,9.89681
492,0.0282044,9.89572
493,0.0280158,9.89463
494,0.0278285,9.89356
495,0.0276423,9.89249
496,0.0274574,9.89143
497,0.0272737,9.89038
498,0.0270912,9.88933
499,0.0269099,9.88829
500,0.0267298,9.88726
501,0.0265509,9.88623
502,0.0263731,9.88521
503,0.0261965,9.8842
504,0.0260211,9.8832
505,0.0258468,9.8822
506,0.0256737,9.88121
507,0.0255017,9.88023
508,0.0253308,9.87925
509,0.0251611,9.87828
510,0.0249925,9.87731
511,0.024825,9.87636
512,0.0246586,9.8754
513,0.0244932,9.87446
514,0.024329,9.87352
515,0.0241659,9.87259
516,0.0240038,9.87166
517,0.0238428,9.87075
518,0.0236829,9.86983
519,0.023524,9.86893
520,0.0233661,9.86802
521,0.0232093,9.86713
522,0.0230536,9.86624
523,0.0228988,9.86536
524,0.0227451,9.86448
525,0.0225924,9.86361
526,0.0224407,9.86275
527,0.0222901,9.86189
528,0.0221404,9.86104
529,0.0219917,9.86019
530,0.0218439,9.85935
531,0.0216972,9.85851
532,0.0215514,9.85768
533,0.0214066,9.85686
534,0.0212628,9.85604
535,0.0211199,9.85523
536,0.0209779,9.85442
537,0.0208369,9.85362
538,0.0206968,9.85282
539,0.0205577,9.85203
540,0.0204195,9.85125
541,0.0202822,9.85047
542,0.0201458,9.84969
543,0.0200103,9.84892
544,0.0198757,9.84816
545,0.019742,9.8474
546,0.0196091,9.84664
547,0.0194772,9.8459
548,0.0193461,9.84515
549,0.0192159,9.84441
550,0.0190866,9.84368
551,0.0189581,9.84295
552,0.0188305,9.84223
553,0.0187038,9.84151
554,0.0185778,9.84079
555,0.0184528,9.84008
556,0.0183285,9.83938
557,0.0182051,9.83868
558,0.0180825,9.83799
559,0.0179607,9.8373
560,0.0178397,9.83661
561,0.0177195,9.83593
562,0.0176001,9.83526
563,0.0174815,9.83458
564,0.0173637,9.83392
565,0.0172467,9.83326
566,0.0171305,9.8326
567,0.017015,9.83194
568,0.0169004,9.8313
569,0.0167864,9.83065
570,0.0166733,9.83001
571,0.0165609,9.82938
572,0.0164492,9.82874
573,0.0163383,9.82812
574,0.0162281,9.8275
575,0.0161187,9.82688
576,0.0160099,9.82626
577,0.015902,9.82565
578,0.0157947,9.82505
579,0.0156881,9.82445
580,0.0155823,9.82385
581,0.0154772,9.82325
582,0.0153727,9.82266
583,0.015269,9.82208
584,0.015166,9.8215
585,0.0150636,9.82092
586,0.0149619,9.82035
587,0.014861,9.81978
588,0.0147606,9.81921
589,0.014661,9.81865
590,0.014562,9.81809
591,0.0144637,9.81754
592,0.014366,9.81699
593,0.014269,9.81644
594,0.0141727,9.8159
595,0.014077,9.81536
596,0.0139819,9.81482
597,0.0138875,9.81429
598,0.0137937,9.81376
599,0.0137005,9.81324
