Time,TR,RM
0,1,0.282723
1,0.941067,0.307632
2,0.892072,0.33982
3,0.850651,0.37565
4,0.815151,0.414307
5,0.784381,0.455567
6,0.757459,0.499383
7,0.733711,0.545782
8,0.712617,0.594823
9,0.693767,0.646586
10,0.67683,0.70116
11,0.661539,0.758641
12,0.647673,0.819129
13,0.635048,0.882722
14,0.623511,0.949523
15,0.612929,1.01963
16,0.603192,1.09314
17,0.594204,1.17014
18,0.58588,1.25072
19,0.578151,1.33497
20,0.570952,1.42297
21,0.564228,1.51477
22,0.557931,1.61044
23,0.552018,1.71004
24,0.546451,1.81361
25,0.541195,1.92116
26,0.536222,2.03273
27,0.531503,2.14832
28,0.527016,2.26791
29,0.522738,2.39149
30,0.51865,2.51902
31,0.514734,2.65044
32,0.510976,2.78568
33,0.50736,2.92466
34,0.503875,3.06728
35,0.500509,3.21341
36,0.497252,3.36293
37,0.494094,3.51568
38,0.491028,3.67149
39,0.488045,3.8302
40,0.48514,3.9916
41,0.482307,4.15549
42,0.479539,4.32165
43,0.476833,4.48985
44,0.474184,4.65986
45,0.471589,4.83142
46,0.469043,5.0043
47,0.466545,5.17822
48,0.46409,5.35294
49,0.461678,5.52819
50,0.459306,5.70371
51,0.456971,5.87923
52,0.454673,6.05451
53,0.45241,6.22929
54,0.45018,6.40331
55,0.447982,6.57635
56,0.445816,6.74816
57,0.443679,6.91853
58,0.441572,7.08724
59,0.439493,7.25408
60,0.437442,7.41887
61,0.435417,7.58142
62,0.433418,7.74157
63,0.431444,7.89916
64,0.429495,8.05405
65,0.427569,8.20611
66,0.425667,8.35522
67,0.423787,8.50129
68,0.421929,8.64421
69,0.420092,8.78392
70,0.418276,8.92034
71,0.416479,9.05342
72,0.414702,9.18312
73,0.412943,9.3094
74,0.411202,9.43224
75,0.409478,9.55163
76,0.40777,9.66757
77,0.406079,9.78005
78,0.404403,9.88909
79,0.402741,9.99471
80,0.401093,10.0969
81,0.399458,10.1958
82,0.397836,10.2914
83,0.396227,10.3836
84,0.394628,10.4727
85,0.393041,10.5585
86,0.391464,10.6412
87,0.389897,10.7209
88,0.388338,10.7976
89,0.386789,10.8713
90,0.385248,10.9421
91,0.383715,11.0102
92,0.382188,11.0755
93,0.380669,11.1381
94,0.379156,11.1981
95,0.377649,11.2556
96,0.376147,11.3106
97,0.37465,11.3632
98,0.373159,11.4136
99,0.371671,11.4616
100,0.370188,11.5075
101,0.368709,11.5513
102,0.367233,11.593
103,0.36576,11.6327
104,0.364291,11.6705
105,0.362824,11.7065
106,0.361359,11.7407
107,0.359897,11.7731
108,0.358437,11.8039
109,0.356979,11.833
110,0.355522,11.8607
111,0.354068,11.8868
112,0.352614,11.9114
113,0.351162,11.9347
114,0.349712,11.9566
115,0.348262,11.9773
116,0.346813,11.9967
117,0.345366,12.0148
118,0.343919,12.0319
119,0.342473,12.0478
120,0.341028,12.0627
121,0.339583,12.0766
122,0.33814,12.0894
123,0.336697,12.1014
124,0.335254,12.1124
125,0.333813,12.1225
126,0.332371,12.1318
127,0.330931,12.1403
128,0.329491,12.1481
129,0.328052,12.155
130,0.326614,12.1613
131,0.325176,12.1669
132,0.323739,12.1719
133,0.322303,12.1762
134,0.320867,12.1799
135,0.319433,12.183
136,0.317999,12.1856
137,0.316566,12.1877
138,0.315135,12.1892
139,0.313704,12.1903
140,0.312274,12.1909
141,0.310846,12.1911
142,0.309419,12.1908
143,0.307993,12.1901
144,0.306568,12.1891
145,0.305145,12.1876
146,0.303723,12.1859
147,0.302302,12.1837
148,0.300884,12.1813
149,0.299466,12.1785
150,0.298051,12.1754
151,0.296637,12.1721
152,0.295225,12.1685
153,0.293815,12.1646
154,0.292407,12.1604
155,0.291001,12.1561
156,0.289597,12.1515
157,0.288196,12.1467
158,0.286796,12.1417
159,0.285399,12.1365
160,0.284004,12.1311
161,0.282611,12.1255
162,0.281221,12.1198
163,0.279834,12.1139
164,0.278449,12.1079
165,0.277067,12.1017
166,0.275687,12.0954
167,0.274311,12.089
168,0.272937,12.0824
169,0.271566,12.0757
170,0.270198,12.0689
171,0.268833,12.062
172,0.267471,12.055
173,0.266112,12.048
174,0.264756,12.0408
175,0.263404,12.0335
176,0.262055,12.0262
177,0.260709,12.0188
178,0.259367,12.0114
179,0.258028,12.0038
180,0.256692,11.9962
181,0.25536,11.9886
182,0.254032,11.9809
183,0.252707,11.9732
184,0.251386,11.9654
185,0.250069,11.9576
186,0.248755,11.9497
187,0.247445,11.9418
188,0.246139,11.9339
189,0.244837,11.926
190,0.243539,11.918
191,0.242244,11.91
192,0.240954,11.902
193,0.239668,11.8939
194,0.238385,11.8859
195,0.237107,11.8778
196,0.235833,11.8698
197,0.234563,11.8617
198,0.233297,11.8536
199,0.232036,11.8455
200,0.230778,11.8374
201,0.229525,11.8293
202,0.228276,11.8212
203,0.227032,11.8132
204,0.225792,11.8051
205,0.224556,11.797
206,0.223324,11.7889
207,0.222097,11.7809
208,0.220875,11.7728
209,0.219657,11.7648
210,0.218443,11.7568
211,0.217234,11.7488
212,0.216029,11.7408
213,0.214829,11.7328
214,0.213633,11.7248
215,0.212442,11.7169
216,0.211256,11.7089
217,0.210074,11.701
218,0.208896,11.6931
219,0.207724,11.6853
220,0.206555,11.6774
221,0.205392,11.6696
222,0.204233,11.6618
223,0.203079,11.6541
224,0.20193,11.6463
225,0.200785,11.6386
226,0.199645,11.6309
227,0.198509,11.6232
228,0.197379,11.6156
229,0.196253,11.608
230,0.195132,11.6004
231,0.194015,11.5928
232,0.192903,11.5853
233,0.191796,11.5778
234,0.190694,11.5703
235,0.189596,11.5629
236,0.188504,11.5555
237,0.187416,11.5481
238,0.186332,11.5408
239,0.185254,11.5335
240,0.18418,11.5262
241,0.183111,11.519
242,0.182047,11.5117
243,0.180987,11.5046
244,0.179933,11.4974
245,0.178883,11.4903
246,0.177838,11.4832
247,0.176797,11.4762
248,0.175762,11.4692
249,0.174731,11.4622
250,0.173705,11.4552
251,0.172683,11.4483
252,0.171667,11.4414
253,0.170655,11.4346
254,0.169648,11.4278
255,0.168645,11.421
256,0.167648,11.4143
257,0.166655,11.4076
258,0.165667,11.4009
259,0.164683,11.3943
260,0.163704,11.3876
261,0.16273,11.3811
262,0.161761,11.3745
263,0.160796,11.3681
264,0.159836,11.3616
265,0.158881,11.3552
266,0.15793,11.3488
267,0.156985,11.3424
268,0.156043,11.3361
269,0.155107,11.3298
270,0.154175,11.3235
271,0.153247,11.3173
272,0.152324,11.3111
273,0.151406,11.305
274,0.150493,11.2989
275,0.149584,11.2928
276,0.14868,11.2867
277,0.14778,11.2807
278,0.146885,11.2748
279,0.145994,11.2688
280,0.145108,11.2629
281,0.144226,11.257
282,0.143349,11.2512
283,0.142477,11.2454
284,0.141609,11.2396
285,0.140745,11.2339
286,0.139886,11.2282
287,0.139031,11.2225
288,0.138181,11.2168
289,0.137336,11.2112
290,0.136494,11.2057
291,0.135657,11.2001
292,0.134825,11.1946
293,0.133997,11.1891
294,0.133173,11.1837
295,0.132354,11.1783
296,0.131539,11.1729
297,0.130728,11.1676
298,0.129922,11.1623
299,0.12912,11.157
300,0.128322,11.1517
301,0.127529,11.1465
302,0.12674,11.1413
303,0.125955,11.1362
304,0.125174,11.1311
305,0.124398,11.126
306,0.123625,11.1209
307,0.122857,11.1159
308,0.122093,11.1109
309,0.121334,11.1059
310,0.120578,11.101
311,0.119827,11.0961
312,0.11908,11.0912
313,0.118336,11.0864
314,0.117597,11.0816
315,0.116863,11.0768
316,0.116132,11.072
317,0.115405,11.0673
318,0.114682,11.0626
319,0.113963,11.058
320,0.113248,11.0533
321,0.112538,11.0487
322,0.111831,11.0441
323,0.111128,11.0396
324,0.110429,11.0351
325,0.109734,11.0306
326,0.109043,11.0261
327,0.108356,11.0217
328,0.107673,11.0173
329,0.106993,11.0129
330,0.106318,11.0086
331,0.105646,11.0042
332,0.104978,10.9999
333,0.104314,10.9957
334,0.103654,10.9914
335,0.102997,10.9872
336,0.102345,10.9831
337,0.101696,10.9789
338,0.10105,10.9748
339,0.100409,10.9707
340,0.0997707,10.9666
341,0.0991365,10.9625
342,0.098506,10.9585
343,0.0978791,10.9545
344,0.0972558,10.9505
345,0.0966361,10.9466
346,0.0960201,10.9427
347,0.0954076,10.9388
348,0.0947987,10.9349
349,0.0941933,10.9311
350,0.0935915,10.9272
351,0.0929932,10.9234
352,0.0923984,10.9197
353,0.0918071,10.9159
354,0.0912193,10.9122
355,0.0906349,10.9085
356,0.0900539,10.9048
357,0.0894764,10.9012
358,0.0889023,10.8975
359,0.0883316,10.8939
360,0.0877642,10.8904
361,0.0872002,10.8868
362,0.0866396,10.8833
363,0.0860823,10.8798
364,0.0855283,10.8763
365,0.0849776,10.8728
366,0.0844301,10.8694
367,0.083886,10.866
368,0.0833451,10.8626
369,0.0828074,10.8592
370,0.0822729,10.8559
371,0.0817417,10.8525
372,0.0812136,10.8492
373,0.0806887,10.8459
374,0.080167,10.8427
375,0.0796484,10.8394
376,0.0791329,10.8362
377,0.0786205,10.833
378,0.0781112,10.8298
379,0.077605,10.8267
380,0.0771019,10.8235
381,0.0766018,10.8204
382,0.0761048,10.8173
383,0.0756107,10.8143
384,0.0751197,10.8112
385,0.0746316,10.8082
386,0.0741466,10.8052
387,0.0736644,10.8022
388,0.0731852,10.7992
389,0.072709,10.7963
390,0.0722356,10.7933
391,0.0717652,10.7904
392,0.0712976,10.7875
393,0.0708329,10.7846
394,0.070371,10.7818
395,0.069912,10.779
396,0.0694558,10.7761
397,0.0690024,10.7733
398,0.0685518,10.7706
399,0.068104,10.7678
400,0.0676589,10.7651
401,0.0672166,10.7623
402,0.066777,10.7596
403,0.0663401,10.7569
404,0.065906,10.7543
405,0.0654745,10.7516
406,0.0650457,10.749
407,0.0646195,10.7464
408,0.064196,10.7438
409,0.0637752,10.7412
410,0.0633569,10.7386
411,0.0629413,10.7361
412,0.0625282,10.7336
413,0.0621177,10.7311
414,0.0617098,10.7286
415,0.0613044,10.7261
416,0.0609016,10.7236
417,0.0605012,10.7212
418,0.0601034,10.7187
419,0.0597081,10.7163
420,0.0593153,10.7139
421,0.0589249,10.7116
422,0.0585369,10.7092
423,0.0581514,10.7068
424,0.0577684,10.7045
425,0.0573877,10.7022
426,0.0570094,10.6999
427,0.0566335,10.6976
428,0.05626,10.6953
429,0.0558888,10.6931
430,0.05552,10.6909
431,0.0551535,10.6886
432,0.0547894,10.6864
433,0.0544275,10.6842
434,0.0540679,10.6821
435,0.0537106,10.6799
436,0.0533556,10.6777
437,0.0530028,10.6756
438,0.0526522,10.6735
439,0.0523039,10.6714
440,0.0519578,10.6693
441,0.0516139,10.6672
442,0.0512722,10.6651
443,0.0509326,10.6631
444,0.0505953,10.6611
445,0.05026,10.659
446,0.0499269,10.657
447,0.049596,10.655
448,0.0492671,10.6531
449,0.0489404,10.6511
450,0.0486157,10.6491
451,0.0482931,10.6472
452,0.0479726,10.6453
453,0.0476541,10.6434
454,0.0473377,10.6415
455,0.0470233,10.6396
456,0.0467109,10.6377
457,0.0464005,10.6358
458,0.0460921,10.634
459,0.0457857,10.6322
460,0.0454813,10.6303
461,0.0451788,10.6285
462,0.0448783,10.6267
463,0.0445797,10.6249
464,0.044283,10.6232
465,0.0439883,10.6214
466,0.0436954,10.6196
467,0.0434044,10.6179
468,0.0431154,10.6162
469,0.0428281,10.6145
470,0.0425428,10.6128
471,0.0422593,10.6111
472,0.0419776,10.6094
473,0.0416977,10.6077
474,0.0414197,10.6061
475,0.0411434,10.6044
476,0.040869,10.6028
477,0.0405963,10.6012
478,0.0403254,10.5995
479,0.0400562,10.5979
480,0.0397888,10.5964
481,0.0395231,10.5948
482,0.0392592,10.5932
483,0.038997,10.5916
484,0.0387365,10.5901
485,0.0384777,10.5886
486,0.0382205,10.587
487,0.0379651,10.5855
488,0.0377113,10.584
489,0.0374591,10.5825
490,0.0372086,10.581
491,0.0369598,10.5796
492,0.0367125,10.5781
493,0.0364669,10.5766
494,0.0362229,10.5752
495,0.0359805,10.5738
496,0.0357396,10.5723
497,0.0355004,10.5709
498,0.0352627,10.5695
499,0.0350266,10.5681
500,0.034792,10.5667
501,0.0345589,10.5654
502,0.0343274,10.564
503,0.0340974,10.5626
504,0.0338689,10.5613
505,0.0336419,10.56
506,0.0334164,10.5586
507,0.0331923,10.5573
508,0.0329698,10.556
509,0.0327487,10.5547
510,0.0325291,10.5534
511,0.0323109,10.5521
512,0.0320941,10.5508
513,0.0318788,10.5496
514,0.0316649,10.5483
515,0.0314523,10.5471
516,0.0312412,10.5458
517,0.0310315,10.5446
518,0.0308232,10.5434
519,0.0306162,10.5421
520,0.0304106,10.5409
521,0.0302064,10.5397
522,0.0300035,10.5386
523,0.029802,10.5374
524,0.0296018,10.5362
525,0.0294029,10.535
526,0.0292053,10.5339
527,0.029009,10.5327
528,0.0288141,10.5316
529,0.0286204,10.5304
530,0.028428,10.5293
531,0.0282369,10.5282
532,0.028047,10.5271
533,0.0278584,10.526
534,0.0276711,10.5249
535,0.0274849,10.5238
536,0.0273001,10.5227
537,0.0271164,10.5216
538,0.026934,10.5206
539,0.0267528,10.5195
540,0.0265728,10.5185
541,0.0263939,10.5174
542,0.0262163,10.5164
543,0.0260399,10.5154
544,0.0258646,10.5143
545,0.0256905,10.5133
546,0.0255175,10.5123
547,0.0253457,10.5113
548,0.0251751,10.5103
549,0.0250055,10.5093
550,0.0248371,10.5084
551,0.0246699,10.5074
552,0.0245037,10.5064
553,0.0243387,10.5055
554,0.0241747,10.5045
555,0.0240118,10.5036
556,0.0238501,10.5026
557,0.0236894,10.5017
558,0.0235298,10.5008
559,0.0233712,10.4998
560,0.0232137,10.4989
561,0.0230573,10.498
562,0.0229018,10.4971
563,0.0227475,10.4962
564,0.0225942,10.4953
565,0.0224418,10.4944
566,0.0222906,10.4936
567,0.0221403,10.4927
568,0.021991,10.4918
569,0.0218427,10.491
570,0.0216954,10.4901
571,0.0215491,10.4893
572,0.0214038,10.4884
573,0.0212595,10.4876
574,0.0211161,10.4868
575,0.0209737,10.4859
576,0.0208322,10.4851
577,0.0206917,10.4843
578,0.0205521,10.4835
579,0.0204135,10.4827
580,0.0202758,10.4819
581,0.020139,10.4811
582,0.0200031,10.4803
583,0.0198682,10.4795
584,0.0197341,10.4788
585,0.019601,10.478
586,0.0194687,10.4772
587,0.0193374,10.4765
588,0.0192069,10.4757
589,0.0190773,10.475
590,0.0189485,10.4742
591,0.0188206,10.4735
592,0.0186936,10.4728
593,0.0185675,10.472
594,0.0184422,10.4713
595,0.0183177,10.4706
596,0.0181941,10.4699
597,0.0180713,10.4692
598,0.0179493,10.4685
599,0.0178281,10.4678
